  data=[ 1.0000000e+00   1.0000000e+00  -1.4138939e-14
   1.0010010e+09   1.0000784e+00  -7.0274866e-05
   2.0020020e+09   1.0002477e+00  -1.8709528e-04
   3.0030030e+09   1.0004919e+00  -3.3430673e-04
   4.0040040e+09   1.0008053e+00  -5.0619900e-04
   5.0050050e+09   1.0011844e+00  -6.9951333e-04
   6.0060060e+09   1.0016273e+00  -9.1208642e-04
   7.0070070e+09   1.0021323e+00  -1.1423616e-03
   8.0080080e+09   1.0026982e+00  -1.3891614e-03
   9.0090090e+09   1.0033244e+00  -1.6515649e-03
   1.0010010e+10   1.0040099e+00  -1.9288352e-03
   1.1011011e+10   1.0047543e+00  -2.2203730e-03
   1.2012012e+10   1.0055572e+00  -2.5256850e-03
   1.3013013e+10   1.0064181e+00  -2.8443630e-03
   1.4014014e+10   1.0073370e+00  -3.1760675e-03
   1.5015015e+10   1.0083135e+00  -3.5205159e-03
   1.6016016e+10   1.0093476e+00  -3.8774744e-03
   1.7017017e+10   1.0104392e+00  -4.2467500e-03
   1.8018018e+10   1.0115881e+00  -4.6281860e-03
   1.9019019e+10   1.0127946e+00  -5.0216571e-03
   2.0020020e+10   1.0140585e+00  -5.4270659e-03
   2.1021021e+10   1.0153800e+00  -5.8443405e-03
   2.2022022e+10   1.0167593e+00  -6.2734315e-03
   2.3023023e+10   1.0181963e+00  -6.7143105e-03
   2.4024024e+10   1.0196914e+00  -7.1669683e-03
   2.5025025e+10   1.0212447e+00  -7.6314134e-03
   2.6026026e+10   1.0228564e+00  -8.1076710e-03
   2.7027027e+10   1.0245268e+00  -8.5957822e-03
   2.8028028e+10   1.0262563e+00  -9.0958027e-03
   2.9029029e+10   1.0280450e+00  -9.6078024e-03
   3.0030030e+10   1.0298934e+00  -1.0131865e-02
   3.1031031e+10   1.0318017e+00  -1.0668087e-02
   3.2032032e+10   1.0337704e+00  -1.1216577e-02
   3.3033033e+10   1.0357998e+00  -1.1777458e-02
   3.4034034e+10   1.0378905e+00  -1.2350863e-02
   3.5035035e+10   1.0400427e+00  -1.2936938e-02
   3.6036036e+10   1.0422571e+00  -1.3535840e-02
   3.7037037e+10   1.0445341e+00  -1.4147737e-02
   3.8038038e+10   1.0468742e+00  -1.4772810e-02
   3.9039039e+10   1.0492779e+00  -1.5411250e-02
   4.0040040e+10   1.0517459e+00  -1.6063262e-02
   4.1041041e+10   1.0542786e+00  -1.6729058e-02
   4.2042042e+10   1.0568768e+00  -1.7408866e-02
   4.3043043e+10   1.0595410e+00  -1.8102924e-02
   4.4044044e+10   1.0622719e+00  -1.8811479e-02
   4.5045045e+10   1.0650702e+00  -1.9534794e-02
   4.6046046e+10   1.0679366e+00  -2.0273142e-02
   4.7047047e+10   1.0708719e+00  -2.1026808e-02
   4.8048048e+10   1.0738767e+00  -2.1796090e-02
   4.9049049e+10   1.0769519e+00  -2.2581298e-02
   5.0050050e+10   1.0800982e+00  -2.3382756e-02
   5.1051051e+10   1.0833166e+00  -2.4200801e-02
   5.2052052e+10   1.0866079e+00  -2.5035782e-02
   5.3053053e+10   1.0899730e+00  -2.5888063e-02
   5.4054054e+10   1.0934127e+00  -2.6758023e-02
   5.5055055e+10   1.0969281e+00  -2.7646054e-02
   5.6056056e+10   1.1005202e+00  -2.8552564e-02
   5.7057057e+10   1.1041899e+00  -2.9477975e-02
   5.8058058e+10   1.1079382e+00  -3.0422727e-02
   5.9059059e+10   1.1117664e+00  -3.1387276e-02
   6.0060060e+10   1.1156754e+00  -3.2372092e-02
   6.1061061e+10   1.1196664e+00  -3.3377667e-02
   6.2062062e+10   1.1237407e+00  -3.4404507e-02
   6.3063063e+10   1.1278993e+00  -3.5453140e-02
   6.4064064e+10   1.1321436e+00  -3.6524110e-02
   6.5065065e+10   1.1364748e+00  -3.7617982e-02
   6.6066066e+10   1.1408943e+00  -3.8735344e-02
   6.7067067e+10   1.1454034e+00  -3.9876802e-02
   6.8068068e+10   1.1500035e+00  -4.1042987e-02
   6.9069069e+10   1.1546961e+00  -4.2234550e-02
   7.0070070e+10   1.1594827e+00  -4.3452168e-02
   7.1071071e+10   1.1643648e+00  -4.4696543e-02
   7.2072072e+10   1.1693439e+00  -4.5968401e-02
   7.3073073e+10   1.1744217e+00  -4.7268496e-02
   7.4074074e+10   1.1795999e+00  -4.8597610e-02
   7.5075075e+10   1.1848802e+00  -4.9956553e-02
   7.6076076e+10   1.1902643e+00  -5.1346164e-02
   7.7077077e+10   1.1957542e+00  -5.2767317e-02
   7.8078078e+10   1.2013515e+00  -5.4220916e-02
   7.9079079e+10   1.2070584e+00  -5.5707897e-02
   8.0080080e+10   1.2128768e+00  -5.7229236e-02
   8.1081081e+10   1.2188087e+00  -5.8785942e-02
   8.2082082e+10   1.2248563e+00  -6.0379064e-02
   8.3083083e+10   1.2310216e+00  -6.2009692e-02
   8.4084084e+10   1.2373071e+00  -6.3678955e-02
   8.5085085e+10   1.2437149e+00  -6.5388029e-02
   8.6086086e+10   1.2502475e+00  -6.7138133e-02
   8.7087087e+10   1.2569073e+00  -6.8930535e-02
   8.8088088e+10   1.2636968e+00  -7.0766554e-02
   8.9089089e+10   1.2706187e+00  -7.2647557e-02
   9.0090090e+10   1.2776756e+00  -7.4574970e-02
   9.1091091e+10   1.2848702e+00  -7.6550273e-02
   9.2092092e+10   1.2922055e+00  -7.8575008e-02
   9.3093093e+10   1.2996844e+00  -8.0650777e-02
   9.4094094e+10   1.3073099e+00  -8.2779249e-02
   9.5095095e+10   1.3150851e+00  -8.4962160e-02
   9.6096096e+10   1.3230132e+00  -8.7201320e-02
   9.7097097e+10   1.3310977e+00  -8.9498614e-02
   9.8098098e+10   1.3393418e+00  -9.1856003e-02
   9.9099099e+10   1.3477492e+00  -9.4275535e-02
   1.0010010e+11   1.3563234e+00  -9.6759342e-02
   1.0110110e+11   1.3650684e+00  -9.9309649e-02
   1.0210210e+11   1.3739879e+00  -1.0192878e-01
   1.0310310e+11   1.3830860e+00  -1.0461915e-01
   1.0410410e+11   1.3923668e+00  -1.0738329e-01
   1.0510511e+11   1.4018347e+00  -1.1022384e-01
   1.0610611e+11   1.4114940e+00  -1.1314355e-01
   1.0710711e+11   1.4213493e+00  -1.1614531e-01
   1.0810811e+11   1.4314054e+00  -1.1923213e-01
   1.0910911e+11   1.4416672e+00  -1.2240715e-01
   1.1011011e+11   1.4521396e+00  -1.2567368e-01
   1.1111111e+11   1.4628280e+00  -1.2903514e-01
   1.1211211e+11   1.4737376e+00  -1.3249515e-01
   1.1311311e+11   1.4848742e+00  -1.3605749e-01
   1.1411411e+11   1.4962435e+00  -1.3972611e-01
   1.1511512e+11   1.5078515e+00  -1.4350515e-01
   1.1611612e+11   1.5197044e+00  -1.4739896e-01
   1.1711712e+11   1.5318085e+00  -1.5141210e-01
   1.1811812e+11   1.5441705e+00  -1.5554935e-01
   1.1911912e+11   1.5567974e+00  -1.5981572e-01
   1.2012012e+11   1.5696961e+00  -1.6421650e-01
   1.2112112e+11   1.5828741e+00  -1.6875720e-01
   1.2212212e+11   1.5963391e+00  -1.7344365e-01
   1.2312312e+11   1.6100988e+00  -1.7828197e-01
   1.2412412e+11   1.6241616e+00  -1.8327860e-01
   1.2512513e+11   1.6385360e+00  -1.8844029e-01
   1.2612613e+11   1.6532307e+00  -1.9377420e-01
   1.2712713e+11   1.6682549e+00  -1.9928782e-01
   1.2812813e+11   1.6836182e+00  -2.0498907e-01
   1.2912913e+11   1.6993303e+00  -2.1088630e-01
   1.3013013e+11   1.7154015e+00  -2.1698831e-01
   1.3113113e+11   1.7318423e+00  -2.2330441e-01
   1.3213213e+11   1.7486639e+00  -2.2984440e-01
   1.3313313e+11   1.7658776e+00  -2.3661867e-01
   1.3413413e+11   1.7834952e+00  -2.4363816e-01
   1.3513514e+11   1.8015292e+00  -2.5091449e-01
   1.3613614e+11   1.8199923e+00  -2.5845993e-01
   1.3713714e+11   1.8388979e+00  -2.6628748e-01
   1.3813814e+11   1.8582596e+00  -2.7441091e-01
   1.3913914e+11   1.8780920e+00  -2.8284483e-01
   1.4014014e+11   1.8984099e+00  -2.9160474e-01
   1.4114114e+11   1.9192288e+00  -3.0070707e-01
   1.4214214e+11   1.9405648e+00  -3.1016929e-01
   1.4314314e+11   1.9624348e+00  -3.2000998e-01
   1.4414414e+11   1.9848560e+00  -3.3024888e-01
   1.4514515e+11   2.0078466e+00  -3.4090700e-01
   1.4614615e+11   2.0314254e+00  -3.5200671e-01
   1.4714715e+11   2.0556120e+00  -3.6357187e-01
   1.4814815e+11   2.0804265e+00  -3.7562791e-01
   1.4914915e+11   2.1058902e+00  -3.8820196e-01
   1.5015015e+11   2.1320248e+00  -4.0132300e-01
   1.5115115e+11   2.1588532e+00  -4.1502200e-01
   1.5215215e+11   2.1863988e+00  -4.2933207e-01
   1.5315315e+11   2.2146863e+00  -4.4428866e-01
   1.5415415e+11   2.2437409e+00  -4.5992974e-01
   1.5515516e+11   2.2735890e+00  -4.7629599e-01
   1.5615616e+11   2.3042578e+00  -4.9343105e-01
   1.5715716e+11   2.3357755e+00  -5.1138178e-01
   1.5815816e+11   2.3681710e+00  -5.3019853e-01
   1.5915916e+11   2.4014746e+00  -5.4993541e-01
   1.6016016e+11   2.4357171e+00  -5.7065067e-01
   1.6116116e+11   2.4709304e+00  -5.9240704e-01
   1.6216216e+11   2.5071471e+00  -6.1527213e-01
   1.6316316e+11   2.5444008e+00  -6.3931887e-01
   1.6416416e+11   2.5827257e+00  -6.6462600e-01
   1.6516517e+11   2.6221566e+00  -6.9127861e-01
   1.6616617e+11   2.6627286e+00  -7.1936869e-01
   1.6716717e+11   2.7044776e+00  -7.4899584e-01
   1.6816817e+11   2.7474391e+00  -7.8026789e-01
   1.6916917e+11   2.7916486e+00  -8.1330179e-01
   1.7017017e+11   2.8371411e+00  -8.4822436e-01
   1.7117117e+11   2.8839509e+00  -8.8517333e-01
   1.7217217e+11   2.9321104e+00  -9.2429831e-01
   1.7317317e+11   2.9816506e+00  -9.6576199e-01
   1.7417417e+11   3.0325993e+00  -1.0097414e+00
   1.7517518e+11   3.0849808e+00  -1.0564291e+00
   1.7617618e+11   3.1388148e+00  -1.1060351e+00
   1.7717718e+11   3.1941151e+00  -1.1587879e+00
   1.7817818e+11   3.2508877e+00  -1.2149370e+00
   1.7917918e+11   3.3091292e+00  -1.2747542e+00
   1.8018018e+11   3.3688249e+00  -1.3385358e+00
   1.8118118e+11   3.4299453e+00  -1.4066051e+00
   1.8218218e+11   3.4924435e+00  -1.4793146e+00
   1.8318318e+11   3.5562511e+00  -1.5570482e+00
   1.8418418e+11   3.6212738e+00  -1.6402240e+00
   1.8518519e+11   3.6873854e+00  -1.7292968e+00
   1.8618619e+11   3.7544218e+00  -1.8247603e+00
   1.8718719e+11   3.8221729e+00  -1.9271496e+00
   1.8818819e+11   3.8903734e+00  -2.0370428e+00
   1.8918919e+11   3.9586920e+00  -2.1550628e+00
   1.9019019e+11   4.0267187e+00  -2.2818767e+00
   1.9119119e+11   4.0939497e+00  -2.4181959e+00
   1.9219219e+11   4.1597701e+00  -2.5647723e+00
   1.9319319e+11   4.2234342e+00  -2.7223933e+00
   1.9419419e+11   4.2840426e+00  -2.8918729e+00
   1.9519520e+11   4.3405169e+00  -3.0740375e+00
   1.9619620e+11   4.3915719e+00  -3.2697069e+00
   1.9719720e+11   4.4356860e+00  -3.4796658e+00
   1.9819820e+11   4.4710700e+00  -3.7046273e+00
   1.9919920e+11   4.4956382e+00  -3.9451829e+00
   2.0020020e+11   4.5069820e+00  -4.2017391e+00
   2.0120120e+11   4.5023520e+00  -4.4744371e+00
   2.0220220e+11   4.4786536e+00  -4.7630544e+00
   2.0320320e+11   4.4324630e+00  -5.0668883e+00
   2.0420420e+11   4.3600733e+00  -5.3846238e+00
   2.0520521e+11   4.2575815e+00  -5.7141893e+00
   2.0620621e+11   4.1210258e+00  -6.0526130e+00
   2.0720721e+11   3.9465848e+00  -6.3958951e+00
   2.0820821e+11   3.7308412e+00  -6.7389180e+00
   2.0920921e+11   3.4711074e+00  -7.0754257e+00
   2.1021021e+11   3.1657973e+00  -7.3981021e+00
   2.1121121e+11   2.8148094e+00  -7.6987800e+00
   2.1221221e+11   2.4198740e+00  -7.9687970e+00
   2.1321321e+11   1.9848005e+00  -8.1994958e+00
   2.1421421e+11   1.5155593e+00  -8.3828364e+00
   2.1521522e+11   1.0201481e+00  -8.5120548e+00
   2.1621622e+11   5.0821946e-01  -8.5822765e+00
   2.1721722e+11  -9.5057006e-03  -8.5909883e+00
   2.1821822e+11  -5.2197127e-01  -8.5382828e+00
   2.1921922e+11  -1.0185631e+00  -8.4268331e+00
   2.2022022e+11  -1.4898181e+00  -8.2616017e+00
   2.2122122e+11  -1.9279694e+00  -8.0493419e+00
   2.2222222e+11  -2.3272713e+00  -7.7979774e+00
   2.2322322e+11  -2.6840910e+00  -7.5159598e+00
   2.2422422e+11  -2.9967979e+00  -7.2116859e+00
   2.2522523e+11  -3.2655039e+00  -6.8930334e+00
   2.2622623e+11  -3.4917204e+00  -6.5670377e+00
   2.2722723e+11  -3.6779886e+00  -6.2397105e+00
   2.2822823e+11  -3.8275283e+00  -5.9159769e+00
   2.2922923e+11  -3.9439344e+00  -5.5997042e+00
   2.3023023e+11  -4.0309320e+00  -5.2937899e+00
   2.3123123e+11  -4.0921938e+00  -5.0002844e+00
   2.3223223e+11  -4.1312135e+00  -4.7205260e+00
   2.3323323e+11  -4.1512255e+00  -4.4552743e+00
   2.3423423e+11  -4.1551630e+00  -4.2048335e+00
   2.3523524e+11  -4.1456418e+00  -3.9691601e+00
   2.3623624e+11  -4.1249643e+00  -3.7479541e+00
   2.3723724e+11  -4.0951343e+00  -3.5407334e+00
   2.3823824e+11  -4.0578810e+00  -3.3468934e+00
   2.3923924e+11  -4.0146847e+00  -3.1657536e+00
   2.4024024e+11  -3.9668047e+00  -2.9965925e+00
   2.4124124e+11  -3.9153059e+00  -2.8386747e+00
   2.4224224e+11  -3.8610848e+00  -2.6912693e+00
   2.4324324e+11  -3.8048916e+00  -2.5536643e+00
   2.4424424e+11  -3.7473520e+00  -2.4251749e+00
   2.4524525e+11  -3.6889850e+00  -2.3051501e+00
   2.4624625e+11  -3.6302190e+00  -2.1929756e+00
   2.4724725e+11  -3.5714058e+00  -2.0880754e+00
   2.4824825e+11  -3.5128325e+00  -1.9899123e+00
   2.4924925e+11  -3.4547318e+00  -1.8979870e+00
   2.5025025e+11  -3.3972906e+00  -1.8118367e+00
   2.5125125e+11  -3.3406576e+00  -1.7310337e+00
   2.5225225e+11  -3.2849494e+00  -1.6551832e+00
   2.5325325e+11  -3.2302559e+00  -1.5839211e+00
   2.5425425e+11  -3.1766447e+00  -1.5169123e+00
   2.5525526e+11  -3.1241650e+00  -1.4538483e+00
   2.5625626e+11  -3.0728506e+00  -1.3944452e+00
   2.5725726e+11  -3.0227228e+00  -1.3384418e+00
   2.5825826e+11  -2.9737924e+00  -1.2855980e+00
   2.5925926e+11  -2.9260619e+00  -1.2356926e+00
   2.6026026e+11  -2.8795265e+00  -1.1885221e+00
   2.6126126e+11  -2.8341761e+00  -1.1438992e+00
   2.6226226e+11  -2.7899962e+00  -1.1016512e+00
   2.6326326e+11  -2.7469684e+00  -1.0616191e+00
   2.6426426e+11  -2.7050718e+00  -1.0236561e+00
   2.6526527e+11  -2.6642832e+00  -9.8762672e-01
   2.6626627e+11  -2.6245778e+00  -9.5340595e-01
   2.6726727e+11  -2.5859297e+00  -9.2087818e-01
   2.6826827e+11  -2.5483122e+00  -8.8993650e-01
   2.6926927e+11  -2.5116981e+00  -8.6048197e-01
   2.7027027e+11  -2.4760600e+00  -8.3242292e-01
   2.7127127e+11  -2.4413703e+00  -8.0567441e-01
   2.7227227e+11  -2.4076019e+00  -7.8015760e-01
   2.7327327e+11  -2.3747275e+00  -7.5579932e-01
   2.7427427e+11  -2.3427205e+00  -7.3253156e-01
   2.7527528e+11  -2.3115547e+00  -7.1029108e-01
   2.7627628e+11  -2.2812045e+00  -6.8901903e-01
   2.7727728e+11  -2.2516447e+00  -6.6866060e-01
   2.7827828e+11  -2.2228509e+00  -6.4916469e-01
   2.7927928e+11  -2.1947993e+00  -6.3048364e-01
   2.8028028e+11  -2.1674667e+00  -6.1257295e-01
   2.8128128e+11  -2.1408306e+00  -5.9539105e-01
   2.8228228e+11  -2.1148693e+00  -5.7889907e-01
   2.8328328e+11  -2.0895617e+00  -5.6306065e-01
   2.8428428e+11  -2.0648874e+00  -5.4784174e-01
   2.8528529e+11  -2.0408265e+00  -5.3321042e-01
   2.8628629e+11  -2.0173601e+00  -5.1913677e-01
   2.8728729e+11  -1.9944697e+00  -5.0559272e-01
   2.8828829e+11  -1.9721374e+00  -4.9255191e-01
   2.8928929e+11  -1.9503462e+00  -4.7998956e-01
   2.9029029e+11  -1.9290793e+00  -4.6788238e-01
   2.9129129e+11  -1.9083209e+00  -4.5620845e-01
   2.9229229e+11  -1.8880554e+00  -4.4494714e-01
   2.9329329e+11  -1.8682679e+00  -4.3407901e-01
   2.9429429e+11  -1.8489442e+00  -4.2358573e-01
   2.9529530e+11  -1.8300704e+00  -4.1345002e-01
   2.9629630e+11  -1.8116330e+00  -4.0365555e-01
   2.9729730e+11  -1.7936193e+00  -3.9418692e-01
   2.9829830e+11  -1.7760168e+00  -3.8502956e-01
   2.9929930e+11  -1.7588136e+00  -3.7616971e-01
   3.0030030e+11  -1.7419980e+00  -3.6759432e-01
   3.0130130e+11  -1.7255591e+00  -3.5929107e-01
   3.0230230e+11  -1.7094859e+00  -3.5124829e-01
   3.0330330e+11  -1.6937683e+00  -3.4345488e-01
   3.0430430e+11  -1.6783961e+00  -3.3590037e-01
   3.0530531e+11  -1.6633597e+00  -3.2857479e-01
   3.0630631e+11  -1.6486499e+00  -3.2146869e-01
   3.0730731e+11  -1.6342576e+00  -3.1457309e-01
   3.0830831e+11  -1.6201743e+00  -3.0787947e-01
   3.0930931e+11  -1.6063914e+00  -3.0137971e-01
   3.1031031e+11  -1.5929011e+00  -2.9506611e-01
   3.1131131e+11  -1.5796954e+00  -2.8893133e-01
   3.1231231e+11  -1.5667668e+00  -2.8296838e-01
   3.1331331e+11  -1.5541081e+00  -2.7717060e-01
   3.1431431e+11  -1.5417122e+00  -2.7153167e-01
   3.1531532e+11  -1.5295724e+00  -2.6604554e-01
   3.1631632e+11  -1.5176821e+00  -2.6070644e-01
   3.1731732e+11  -1.5060349e+00  -2.5550887e-01
   3.1831832e+11  -1.4946247e+00  -2.5044759e-01
   3.1931932e+11  -1.4834456e+00  -2.4551758e-01
   3.2032032e+11  -1.4724919e+00  -2.4071405e-01
   3.2132132e+11  -1.4617580e+00  -2.3603243e-01
   3.2232232e+11  -1.4512386e+00  -2.3146833e-01
   3.2332332e+11  -1.4409284e+00  -2.2701758e-01
   3.2432432e+11  -1.4308225e+00  -2.2267617e-01
   3.2532533e+11  -1.4209159e+00  -2.1844026e-01
   3.2632633e+11  -1.4112041e+00  -2.1430617e-01
   3.2732733e+11  -1.4016824e+00  -2.1027040e-01
   3.2832833e+11  -1.3923464e+00  -2.0632957e-01
   3.2932933e+11  -1.3831918e+00  -2.0248045e-01
   3.3033033e+11  -1.3742146e+00  -1.9871993e-01
   3.3133133e+11  -1.3654106e+00  -1.9504505e-01
   3.3233233e+11  -1.3567761e+00  -1.9145294e-01
   3.3333333e+11  -1.3483072e+00  -1.8794087e-01
   3.3433433e+11  -1.3400002e+00  -1.8450620e-01
   3.3533534e+11  -1.3318518e+00  -1.8114641e-01
   3.3633634e+11  -1.3238584e+00  -1.7785907e-01
   3.3733734e+11  -1.3160166e+00  -1.7464183e-01
   3.3833834e+11  -1.3083234e+00  -1.7149245e-01
   3.3933934e+11  -1.3007754e+00  -1.6840876e-01
   3.4034034e+11  -1.2933698e+00  -1.6538869e-01
   3.4134134e+11  -1.2861035e+00  -1.6243023e-01
   3.4234234e+11  -1.2789737e+00  -1.5953146e-01
   3.4334334e+11  -1.2719776e+00  -1.5669051e-01
   3.4434434e+11  -1.2651126e+00  -1.5390558e-01
   3.4534535e+11  -1.2583759e+00  -1.5117497e-01
   3.4634635e+11  -1.2517650e+00  -1.4849700e-01
   3.4734735e+11  -1.2452776e+00  -1.4587006e-01
   3.4834835e+11  -1.2389111e+00  -1.4329260e-01
   3.4934935e+11  -1.2326633e+00  -1.4076314e-01
   3.5035035e+11  -1.2265319e+00  -1.3828023e-01
   3.5135135e+11  -1.2205147e+00  -1.3584247e-01
   3.5235235e+11  -1.2146095e+00  -1.3344851e-01
   3.5335335e+11  -1.2088143e+00  -1.3109707e-01
   3.5435435e+11  -1.2031271e+00  -1.2878686e-01
   3.5535536e+11  -1.1975458e+00  -1.2651670e-01
   3.5635636e+11  -1.1920687e+00  -1.2428538e-01
   3.5735736e+11  -1.1866938e+00  -1.2209179e-01
   3.5835836e+11  -1.1814193e+00  -1.1993481e-01
   3.5935936e+11  -1.1762434e+00  -1.1781339e-01
   3.6036036e+11  -1.1711646e+00  -1.1572648e-01
   3.6136136e+11  -1.1661811e+00  -1.1367310e-01
   3.6236236e+11  -1.1612912e+00  -1.1165227e-01
   3.6336336e+11  -1.1564935e+00  -1.0966305e-01
   3.6436436e+11  -1.1517864e+00  -1.0770453e-01
   3.6536537e+11  -1.1471683e+00  -1.0577583e-01
   3.6636637e+11  -1.1426380e+00  -1.0387611e-01
   3.6736737e+11  -1.1381939e+00  -1.0200451e-01
   3.6836837e+11  -1.1338347e+00  -1.0016025e-01
   3.6936937e+11  -1.1295591e+00  -9.8342532e-02
   3.7037037e+11  -1.1253657e+00  -9.6550603e-02
   3.7137137e+11  -1.1212533e+00  -9.4783724e-02
   3.7237237e+11  -1.1172207e+00  -9.3041178e-02
   3.7337337e+11  -1.1132666e+00  -9.1322267e-02
   3.7437437e+11  -1.1093900e+00  -8.9626315e-02
   3.7537538e+11  -1.1055897e+00  -8.7952661e-02
   3.7637638e+11  -1.1018645e+00  -8.6300665e-02
   3.7737738e+11  -1.0982134e+00  -8.4669702e-02
   3.7837838e+11  -1.0946354e+00  -8.3059165e-02
   3.7937938e+11  -1.0911294e+00  -8.1468463e-02
   3.8038038e+11  -1.0876945e+00  -7.9897020e-02
   3.8138138e+11  -1.0843297e+00  -7.8344273e-02
   3.8238238e+11  -1.0810341e+00  -7.6809676e-02
   3.8338338e+11  -1.0778066e+00  -7.5292694e-02
   3.8438438e+11  -1.0746466e+00  -7.3792808e-02
   3.8538539e+11  -1.0715530e+00  -7.2309510e-02
   3.8638639e+11  -1.0685251e+00  -7.0842304e-02
   3.8738739e+11  -1.0655620e+00  -6.9390706e-02
   3.8838839e+11  -1.0626630e+00  -6.7954244e-02
   3.8938939e+11  -1.0598272e+00  -6.6532455e-02
   3.9039039e+11  -1.0570539e+00  -6.5124890e-02
   3.9139139e+11  -1.0543425e+00  -6.3731105e-02
   3.9239239e+11  -1.0516920e+00  -6.2350671e-02
   3.9339339e+11  -1.0491020e+00  -6.0983165e-02
   3.9439439e+11  -1.0465717e+00  -5.9628173e-02
   3.9539540e+11  -1.0441004e+00  -5.8285291e-02
   3.9639640e+11  -1.0416875e+00  -5.6954123e-02
   3.9739740e+11  -1.0393324e+00  -5.5634281e-02
   3.9839840e+11  -1.0370345e+00  -5.4325383e-02
   3.9939940e+11  -1.0347932e+00  -5.3027058e-02
   4.0040040e+11  -1.0326079e+00  -5.1738937e-02
   4.0140140e+11  -1.0304781e+00  -5.0460663e-02
   4.0240240e+11  -1.0284033e+00  -4.9191882e-02
   4.0340340e+11  -1.0263829e+00  -4.7932248e-02
   4.0440440e+11  -1.0244165e+00  -4.6681420e-02
   4.0540541e+11  -1.0225035e+00  -4.5439063e-02
   4.0640641e+11  -1.0206434e+00  -4.4204849e-02
   4.0740741e+11  -1.0188359e+00  -4.2978453e-02
   4.0840841e+11  -1.0170804e+00  -4.1759556e-02
   4.0940941e+11  -1.0153766e+00  -4.0547845e-02
   4.1041041e+11  -1.0137240e+00  -3.9343010e-02
   4.1141141e+11  -1.0121222e+00  -3.8144745e-02
   4.1241241e+11  -1.0105708e+00  -3.6952751e-02
   4.1341341e+11  -1.0090695e+00  -3.5766730e-02
   4.1441441e+11  -1.0076179e+00  -3.4586390e-02
   4.1541542e+11  -1.0062156e+00  -3.3411441e-02
   4.1641642e+11  -1.0048624e+00  -3.2241598e-02
   4.1741742e+11  -1.0035577e+00  -3.1076577e-02
   4.1841842e+11  -1.0023015e+00  -2.9916101e-02
   4.1941942e+11  -1.0010933e+00  -2.8759891e-02
   4.2042042e+11  -9.9993284e-01  -2.7607674e-02
   4.2142142e+11  -9.9881989e-01  -2.6459180e-02
   4.2242242e+11  -9.9775416e-01  -2.5314139e-02
   4.2342342e+11  -9.9673538e-01  -2.4172285e-02
   4.2442442e+11  -9.9576333e-01  -2.3033353e-02
   4.2542543e+11  -9.9483775e-01  -2.1897082e-02
   4.2642643e+11  -9.9395843e-01  -2.0763210e-02
   4.2742743e+11  -9.9312516e-01  -1.9631479e-02
   4.2842843e+11  -9.9233773e-01  -1.8501631e-02
   4.2942943e+11  -9.9159595e-01  -1.7373410e-02
   4.3043043e+11  -9.9089964e-01  -1.6246562e-02
   4.3143143e+11  -9.9024862e-01  -1.5120831e-02
   4.3243243e+11  -9.8964275e-01  -1.3995967e-02
   4.3343343e+11  -9.8908186e-01  -1.2871715e-02
   4.3443443e+11  -9.8856582e-01  -1.1747826e-02
   4.3543544e+11  -9.8809449e-01  -1.0624048e-02
   4.3643644e+11  -9.8766776e-01  -9.5001297e-03
   4.3743744e+11  -9.8728550e-01  -8.3758221e-03
   4.3843844e+11  -9.8694763e-01  -7.2508743e-03
   4.3943944e+11  -9.8665405e-01  -6.1250363e-03
   4.4044044e+11  -9.8640467e-01  -4.9980574e-03
   4.4144144e+11  -9.8619942e-01  -3.8696870e-03
   4.4244244e+11  -9.8603824e-01  -2.7396739e-03
   4.4344344e+11  -9.8592108e-01  -1.6077662e-03
   4.4444444e+11  -9.8584788e-01  -4.7371158e-04
   4.4544545e+11  -9.8581862e-01   6.6274340e-04
   4.4644645e+11  -9.8583327e-01   1.8018531e-03
   4.4744745e+11  -9.8589181e-01   2.9438729e-03
   4.4844845e+11  -9.8599423e-01   4.0890595e-03
   4.4944945e+11  -9.8614054e-01   5.2376712e-03
   4.5045045e+11  -9.8633075e-01   6.3899676e-03
   4.5145145e+11  -9.8656487e-01   7.5462100e-03
   4.5245245e+11  -9.8684294e-01   8.7066616e-03
   4.5345345e+11  -9.8716499e-01   9.8715877e-03
   4.5445445e+11  -9.8753108e-01   1.1041256e-02
   4.5545546e+11  -9.8794127e-01   1.2215935e-02
   4.5645646e+11  -9.8839560e-01   1.3395897e-02
   4.5745746e+11  -9.8889418e-01   1.4581417e-02
   4.5845846e+11  -9.8943707e-01   1.5772772e-02
   4.5945946e+11  -9.9002438e-01   1.6970243e-02
   4.6046046e+11  -9.9065620e-01   1.8174112e-02
   4.6146146e+11  -9.9133266e-01   1.9384666e-02
   4.6246246e+11  -9.9205387e-01   2.0602194e-02
   4.6346346e+11  -9.9281997e-01   2.1826991e-02
   4.6446446e+11  -9.9363110e-01   2.3059353e-02
   4.6546547e+11  -9.9448742e-01   2.4299580e-02
   4.6646647e+11  -9.9538907e-01   2.5547979e-02
   4.6746747e+11  -9.9633625e-01   2.6804858e-02
   4.6846847e+11  -9.9732911e-01   2.8070530e-02
   4.6946947e+11  -9.9836787e-01   2.9345315e-02
   4.7047047e+11  -9.9945271e-01   3.0629535e-02
   4.7147147e+11  -1.0005839e+00   3.1923518e-02
   4.7247247e+11  -1.0017615e+00   3.3227599e-02
   4.7347347e+11  -1.0029859e+00   3.4542114e-02
   4.7447447e+11  -1.0042574e+00   3.5867410e-02
   4.7547548e+11  -1.0055760e+00   3.7203836e-02
   4.7647648e+11  -1.0069422e+00   3.8551748e-02
   4.7747748e+11  -1.0083561e+00   3.9911510e-02
   4.7847848e+11  -1.0098182e+00   4.1283491e-02
   4.7947948e+11  -1.0113286e+00   4.2668067e-02
   4.8048048e+11  -1.0128876e+00   4.4065621e-02
   4.8148148e+11  -1.0144957e+00   4.5476543e-02
   4.8248248e+11  -1.0161531e+00   4.6901232e-02
   4.8348348e+11  -1.0178601e+00   4.8340094e-02
   4.8448448e+11  -1.0196171e+00   4.9793543e-02
   4.8548549e+11  -1.0214246e+00   5.1262001e-02
   4.8648649e+11  -1.0232827e+00   5.2745900e-02
   4.8748749e+11  -1.0251920e+00   5.4245681e-02
   4.8848849e+11  -1.0271529e+00   5.5761793e-02
   4.8948949e+11  -1.0291657e+00   5.7294695e-02
   4.9049049e+11  -1.0312309e+00   5.8844858e-02
   4.9149149e+11  -1.0333489e+00   6.0412762e-02
   4.9249249e+11  -1.0355202e+00   6.1998897e-02
   4.9349349e+11  -1.0377452e+00   6.3603765e-02
   4.9449449e+11  -1.0400244e+00   6.5227880e-02
   4.9549550e+11  -1.0423584e+00   6.6871768e-02
   4.9649650e+11  -1.0447475e+00   6.8535966e-02
   4.9749750e+11  -1.0471924e+00   7.0221025e-02
   4.9849850e+11  -1.0496935e+00   7.1927509e-02
   4.9949950e+11  -1.0522515e+00   7.3655996e-02
   5.0050050e+11  -1.0548668e+00   7.5407078e-02
   5.0150150e+11  -1.0575402e+00   7.7181361e-02
   5.0250250e+11  -1.0602720e+00   7.8979467e-02
   5.0350350e+11  -1.0630631e+00   8.0802034e-02
   5.0450450e+11  -1.0659139e+00   8.2649716e-02
   5.0550551e+11  -1.0688251e+00   8.4523183e-02
   5.0650651e+11  -1.0717975e+00   8.6423124e-02
   5.0750751e+11  -1.0748316e+00   8.8350245e-02
   5.0850851e+11  -1.0779282e+00   9.0305272e-02
   5.0950951e+11  -1.0810880e+00   9.2288948e-02
   5.1051051e+11  -1.0843117e+00   9.4302039e-02
   5.1151151e+11  -1.0876001e+00   9.6345330e-02
   5.1251251e+11  -1.0909538e+00   9.8419627e-02
   5.1351351e+11  -1.0943738e+00   1.0052576e-01
   5.1451451e+11  -1.0978608e+00   1.0266458e-01
   5.1551552e+11  -1.1014157e+00   1.0483697e-01
   5.1651652e+11  -1.1050392e+00   1.0704382e-01
   5.1751752e+11  -1.1087323e+00   1.0928607e-01
   5.1851852e+11  -1.1124958e+00   1.1156467e-01
   5.1951952e+11  -1.1163306e+00   1.1388059e-01
   5.2052052e+11  -1.1202377e+00   1.1623485e-01
   5.2152152e+11  -1.1242181e+00   1.1862849e-01
   5.2252252e+11  -1.1282726e+00   1.2106258e-01
   5.2352352e+11  -1.1324024e+00   1.2353822e-01
   5.2452452e+11  -1.1366084e+00   1.2605655e-01
   5.2552553e+11  -1.1408916e+00   1.2861874e-01
   5.2652653e+11  -1.1452532e+00   1.3122599e-01
   5.2752753e+11  -1.1496942e+00   1.3387954e-01
   5.2852853e+11  -1.1542157e+00   1.3658069e-01
   5.2952953e+11  -1.1588190e+00   1.3933075e-01
   5.3053053e+11  -1.1635051e+00   1.4213108e-01
   5.3153153e+11  -1.1682753e+00   1.4498309e-01
   5.3253253e+11  -1.1731308e+00   1.4788824e-01
   5.3353353e+11  -1.1780729e+00   1.5084801e-01
   5.3453453e+11  -1.1831029e+00   1.5386396e-01
   5.3553554e+11  -1.1882219e+00   1.5693768e-01
   5.3653654e+11  -1.1934315e+00   1.6007082e-01
   5.3753754e+11  -1.1987330e+00   1.6326508e-01
   5.3853854e+11  -1.2041278e+00   1.6652222e-01
   5.3953954e+11  -1.2096174e+00   1.6984407e-01
   5.4054054e+11  -1.2152031e+00   1.7323249e-01
   5.4154154e+11  -1.2208865e+00   1.7668944e-01
   5.4254254e+11  -1.2266692e+00   1.8021692e-01
   5.4354354e+11  -1.2325528e+00   1.8381701e-01
   5.4454454e+11  -1.2385387e+00   1.8749186e-01
   5.4554555e+11  -1.2446288e+00   1.9124369e-01
   5.4654655e+11  -1.2508246e+00   1.9507481e-01
   5.4754755e+11  -1.2571279e+00   1.9898760e-01
   5.4854855e+11  -1.2635404e+00   2.0298452e-01
   5.4954955e+11  -1.2700639e+00   2.0706814e-01
   5.5055055e+11  -1.2767003e+00   2.1124110e-01
   5.5155155e+11  -1.2834514e+00   2.1550615e-01
   5.5255255e+11  -1.2903191e+00   2.1986612e-01
   5.5355355e+11  -1.2973055e+00   2.2432397e-01
   5.5455455e+11  -1.3044123e+00   2.2888274e-01
   5.5555556e+11  -1.3116418e+00   2.3354562e-01
   5.5655656e+11  -1.3189960e+00   2.3831588e-01
   5.5755756e+11  -1.3264769e+00   2.4319695e-01
   5.5855856e+11  -1.3340867e+00   2.4819235e-01
   5.5955956e+11  -1.3418277e+00   2.5330577e-01
   5.6056056e+11  -1.3497021e+00   2.5854101e-01
   5.6156156e+11  -1.3577121e+00   2.6390205e-01
   5.6256256e+11  -1.3658601e+00   2.6939300e-01
   5.6356356e+11  -1.3741485e+00   2.7501813e-01
   5.6456456e+11  -1.3825796e+00   2.8078189e-01
   5.6556557e+11  -1.3911559e+00   2.8668891e-01
   5.6656657e+11  -1.3998799e+00   2.9274398e-01
   5.6756757e+11  -1.4087542e+00   2.9895212e-01
   5.6856857e+11  -1.4177812e+00   3.0531850e-01
   5.6956957e+11  -1.4269637e+00   3.1184855e-01
   5.7057057e+11  -1.4363043e+00   3.1854790e-01
   5.7157157e+11  -1.4458056e+00   3.2542240e-01
   5.7257257e+11  -1.4554704e+00   3.3247817e-01
   5.7357357e+11  -1.4653015e+00   3.3972155e-01
   5.7457457e+11  -1.4753016e+00   3.4715919e-01
   5.7557558e+11  -1.4854736e+00   3.5479797e-01
   5.7657658e+11  -1.4958202e+00   3.6264509e-01
   5.7757758e+11  -1.5063445e+00   3.7070806e-01
   5.7857858e+11  -1.5170492e+00   3.7899469e-01
   5.7957958e+11  -1.5279373e+00   3.8751316e-01
   5.8058058e+11  -1.5390117e+00   3.9627197e-01
   5.8158158e+11  -1.5502752e+00   4.0528001e-01
   5.8258258e+11  -1.5617309e+00   4.1454655e-01
   5.8358358e+11  -1.5733817e+00   4.2408129e-01
   5.8458458e+11  -1.5852303e+00   4.3389433e-01
   5.8558559e+11  -1.5972798e+00   4.4399624e-01
   5.8658659e+11  -1.6095330e+00   4.5439805e-01
   5.8758759e+11  -1.6219925e+00   4.6511132e-01
   5.8858859e+11  -1.6346613e+00   4.7614809e-01
   5.8958959e+11  -1.6475420e+00   4.8752097e-01
   5.9059059e+11  -1.6606371e+00   4.9924315e-01
   5.9159159e+11  -1.6739492e+00   5.1132841e-01
   5.9259259e+11  -1.6874806e+00   5.2379119e-01
   5.9359359e+11  -1.7012336e+00   5.3664659e-01
   5.9459459e+11  -1.7152103e+00   5.4991039e-01
   5.9559560e+11  -1.7294126e+00   5.6359914e-01
   5.9659660e+11  -1.7438422e+00   5.7773014e-01
   5.9759760e+11  -1.7585006e+00   5.9232153e-01
   5.9859860e+11  -1.7733888e+00   6.0739229e-01
   5.9959960e+11  -1.7885080e+00   6.2296230e-01
   6.0060060e+11  -1.8038585e+00   6.3905238e-01
   6.0160160e+11  -1.8194405e+00   6.5568435e-01
   6.0260260e+11  -1.8352537e+00   6.7288105e-01
   6.0360360e+11  -1.8512974e+00   6.9066643e-01
   6.0460460e+11  -1.8675703e+00   7.0906558e-01
   6.0560561e+11  -1.8840703e+00   7.2810477e-01
   6.0660661e+11  -1.9007949e+00   7.4781153e-01
   6.0760761e+11  -1.9177405e+00   7.6821471e-01
   6.0860861e+11  -1.9349031e+00   7.8934451e-01
   6.0960961e+11  -1.9522774e+00   8.1123259e-01
   6.1061061e+11  -1.9698570e+00   8.3391207e-01
   6.1161161e+11  -1.9876346e+00   8.5741765e-01
   6.1261261e+11  -2.0056014e+00   8.8178564e-01
   6.1361361e+11  -2.0237473e+00   9.0705403e-01
   6.1461461e+11  -2.0420604e+00   9.3326254e-01
   6.1561562e+11  -2.0605272e+00   9.6045273e-01
   6.1661662e+11  -2.0791322e+00   9.8866799e-01
   6.1761762e+11  -2.0978578e+00   1.0179536e+00
   6.1861862e+11  -2.1166839e+00   1.0483569e+00
   6.1961962e+11  -2.1355879e+00   1.0799272e+00
   6.2062062e+11  -2.1545442e+00   1.1127157e+00
   6.2162162e+11  -2.1735241e+00   1.1467759e+00
   6.2262262e+11  -2.1924954e+00   1.1821632e+00
   6.2362362e+11  -2.2114218e+00   1.2189352e+00
   6.2462462e+11  -2.2302633e+00   1.2571514e+00
   6.2562563e+11  -2.2489747e+00   1.2968734e+00
   6.2662663e+11  -2.2675061e+00   1.3381648e+00
   6.2762763e+11  -2.2858019e+00   1.3810907e+00
   6.2862863e+11  -2.3038005e+00   1.4257182e+00
   6.2962963e+11  -2.3214335e+00   1.4721157e+00
   6.3063063e+11  -2.3386255e+00   1.5203528e+00
   6.3163163e+11  -2.3552932e+00   1.5704999e+00
   6.3263263e+11  -2.3713447e+00   1.6226281e+00
   6.3363363e+11  -2.3866791e+00   1.6768085e+00
   6.3463463e+11  -2.4011853e+00   1.7331114e+00
   6.3563564e+11  -2.4147418e+00   1.7916062e+00
   6.3663664e+11  -2.4272154e+00   1.8523600e+00
   6.3763764e+11  -2.4384609e+00   1.9154371e+00
   6.3863864e+11  -2.4483199e+00   1.9808977e+00
   6.3963964e+11  -2.4566202e+00   2.0487964e+00
   6.4064064e+11  -2.4631754e+00   2.1191812e+00
   6.4164164e+11  -2.4677838e+00   2.1920914e+00
   6.4264264e+11  -2.4702280e+00   2.2675559e+00
   6.4364364e+11  -2.4702747e+00   2.3455911e+00
   6.4464464e+11  -2.4676742e+00   2.4261982e+00
   6.4564565e+11  -2.4621606e+00   2.5093608e+00
   6.4664665e+11  -2.4534522e+00   2.5950419e+00
   6.4764765e+11  -2.4412518e+00   2.6831809e+00
   6.4864865e+11  -2.4252482e+00   2.7736898e+00
   6.4964965e+11  -2.4051177e+00   2.8664501e+00
   6.5065065e+11  -2.3805262e+00   2.9613087e+00
   6.5165165e+11  -2.3511323e+00   3.0580747e+00
   6.5265265e+11  -2.3165910e+00   3.1565149e+00
   6.5365365e+11  -2.2765577e+00   3.2563510e+00
   6.5465465e+11  -2.2306946e+00   3.3572561e+00
   6.5565566e+11  -2.1786758e+00   3.4588518e+00
   6.5665666e+11  -2.1201956e+00   3.5607067e+00
   6.5765766e+11  -2.0549761e+00   3.6623349e+00
   6.5865866e+11  -1.9827762e+00   3.7631966e+00
   6.5965966e+11  -1.9034011e+00   3.8626994e+00
   6.6066066e+11  -1.8167124e+00   3.9602021e+00
   6.6166166e+11  -1.7226380e+00   4.0550192e+00
   6.6266266e+11  -1.6211817e+00   4.1464292e+00
   6.6366366e+11  -1.5124325e+00   4.2336830e+00
   6.6466466e+11  -1.3965723e+00   4.3160163e+00
   6.6566567e+11  -1.2738816e+00   4.3926625e+00
   6.6666667e+11  -1.1447440e+00   4.4628684e+00
   6.6766767e+11  -1.0096464e+00   4.5259103e+00
   6.6866867e+11  -8.6917754e-01   4.5811115e+00
   6.6966967e+11  -7.2402263e-01   4.6278592e+00
   6.7067067e+11  -5.7495421e-01   4.6656214e+00
   6.7167167e+11  -4.2282026e-01   4.6939613e+00
   6.7267267e+11  -2.6852899e-01   4.7125510e+00
   6.7367367e+11  -1.1303126e-01   4.7211803e+00
   6.7467467e+11   4.2698850e-02   4.7197635e+00
   6.7567568e+11   1.9768442e-01   4.7083418e+00
   6.7667668e+11   3.5096614e-01   4.6870818e+00
   6.7767768e+11   5.0162199e-01   4.6562699e+00
   6.7867868e+11   6.4878527e-01   4.6163033e+00
   6.7967968e+11   7.9166025e-01   4.5676781e+00
   6.8068068e+11   9.2953493e-01   4.5109749e+00
   6.8168168e+11   1.0617906e+00   4.4468425e+00
   6.8268268e+11   1.1879080e+00   4.3759810e+00
   6.8368368e+11   1.3074700e+00   4.2991250e+00
   6.8468468e+11   1.4201613e+00   4.2170264e+00
   6.8568569e+11   1.5257655e+00   4.1304401e+00
   6.8668669e+11   1.6241595e+00   4.0401093e+00
   6.8768769e+11   1.7153062e+00   3.9467541e+00
   6.8868869e+11   1.7992461e+00   3.8510616e+00
   6.8968969e+11   1.8760878e+00   3.7536781e+00
   6.9069069e+11   1.9459984e+00   3.6552038e+00
   6.9169169e+11   2.0091935e+00   3.5561882e+00
   6.9269269e+11   2.0659280e+00   3.4571289e+00
   6.9369369e+11   2.1164870e+00   3.3584706e+00
   6.9469469e+11   2.1611779e+00   3.2606057e+00
   6.9569570e+11   2.2003227e+00   3.1638761e+00
   6.9669670e+11   2.2342521e+00   3.0685754e+00
   6.9769770e+11   2.2632995e+00   2.9749522e+00
   6.9869870e+11   2.2877966e+00   2.8832128e+00
   6.9969970e+11   2.3080695e+00   2.7935256e+00
   7.0070070e+11   2.3244355e+00   2.7060238e+00
   7.0170170e+11   2.3372011e+00   2.6208097e+00
   7.0270270e+11   2.3466597e+00   2.5379576e+00
   7.0370370e+11   2.3530906e+00   2.4575177e+00
   7.0470470e+11   2.3567584e+00   2.3795188e+00
   7.0570571e+11   2.3579121e+00   2.3039712e+00
   7.0670671e+11   2.3567853e+00   2.2308697e+00
   7.0770771e+11   2.3535960e+00   2.1601957e+00
   7.0870871e+11   2.3485473e+00   2.0919193e+00
   7.0970971e+11   2.3418275e+00   2.0260016e+00
   7.1071071e+11   2.3336109e+00   1.9623961e+00
   7.1171171e+11   2.3240582e+00   1.9010502e+00
   7.1271271e+11   2.3133175e+00   1.8419067e+00
   7.1371371e+11   2.3015246e+00   1.7849048e+00
   7.1471471e+11   2.2888041e+00   1.7299813e+00
   7.1571572e+11   2.2752701e+00   1.6770710e+00
   7.1671672e+11   2.2610267e+00   1.6261079e+00
   7.1771772e+11   2.2461688e+00   1.5770255e+00
   7.1871872e+11   2.2307829e+00   1.5297574e+00
   7.1971972e+11   2.2149476e+00   1.4842377e+00
   7.2072072e+11   2.1987342e+00   1.4404014e+00
   7.2172172e+11   2.1822074e+00   1.3981847e+00
   7.2272272e+11   2.1654258e+00   1.3575251e+00
   7.2372372e+11   2.1484423e+00   1.3183615e+00
   7.2472472e+11   2.1313046e+00   1.2806347e+00
   7.2572573e+11   2.1140558e+00   1.2442872e+00
   7.2672673e+11   2.0967346e+00   1.2092632e+00
   7.2772773e+11   2.0793758e+00   1.1755090e+00
   7.2872873e+11   2.0620107e+00   1.1429727e+00
   7.2972973e+11   2.0446671e+00   1.1116043e+00
   7.3073073e+11   2.0273701e+00   1.0813556e+00
   7.3173173e+11   2.0101418e+00   1.0521805e+00
   7.3273273e+11   1.9930020e+00   1.0240345e+00
   7.3373373e+11   1.9759683e+00   9.9687519e-01
   7.3473473e+11   1.9590561e+00   9.7066167e-01
   7.3573574e+11   1.9422792e+00   9.4535486e-01
   7.3673674e+11   1.9256494e+00   9.2091735e-01
   7.3773774e+11   1.9091772e+00   8.9731332e-01
   7.3873874e+11   1.8928718e+00   8.7450850e-01
   7.3973974e+11   1.8767409e+00   8.5247012e-01
   7.4074074e+11   1.8607912e+00   8.3116685e-01
   7.4174174e+11   1.8450285e+00   8.1056875e-01
   7.4274274e+11   1.8294576e+00   7.9064718e-01
   7.4374374e+11   1.8140822e+00   7.7137480e-01
   7.4474474e+11   1.7989058e+00   7.5272546e-01
   7.4574575e+11   1.7839307e+00   7.3467420e-01
   7.4674675e+11   1.7691590e+00   7.1719715e-01
   7.4774775e+11   1.7545919e+00   7.0027152e-01
   7.4874875e+11   1.7402305e+00   6.8387552e-01
   7.4974975e+11   1.7260751e+00   6.6798834e-01
   7.5075075e+11   1.7121257e+00   6.5259009e-01
   7.5175175e+11   1.6983822e+00   6.3766176e-01
   7.5275275e+11   1.6848440e+00   6.2318518e-01
   7.5375375e+11   1.6715101e+00   6.0914298e-01
   7.5475475e+11   1.6583794e+00   5.9551857e-01
   7.5575576e+11   1.6454507e+00   5.8229606e-01
   7.5675676e+11   1.6327223e+00   5.6946028e-01
   7.5775776e+11   1.6201927e+00   5.5699670e-01
   7.5875876e+11   1.6078599e+00   5.4489143e-01
   7.5975976e+11   1.5957220e+00   5.3313118e-01
   7.6076076e+11   1.5837770e+00   5.2170323e-01
   7.6176176e+11   1.5720227e+00   5.1059540e-01
   7.6276276e+11   1.5604568e+00   4.9979603e-01
   7.6376376e+11   1.5490770e+00   4.8929396e-01
   7.6476476e+11   1.5378810e+00   4.7907849e-01
   7.6576577e+11   1.5268663e+00   4.6913939e-01
   7.6676677e+11   1.5160305e+00   4.5946683e-01
   7.6776777e+11   1.5053712e+00   4.5005140e-01
   7.6876877e+11   1.4948858e+00   4.4088410e-01
   7.6976977e+11   1.4845718e+00   4.3195625e-01
   7.7077077e+11   1.4744268e+00   4.2325959e-01
   7.7177177e+11   1.4644481e+00   4.1478613e-01
   7.7277277e+11   1.4546334e+00   4.0652825e-01
   7.7377377e+11   1.4449801e+00   3.9847861e-01
   7.7477477e+11   1.4354857e+00   3.9063018e-01
   7.7577578e+11   1.4261477e+00   3.8297620e-01
   7.7677678e+11   1.4169637e+00   3.7551018e-01
   7.7777778e+11   1.4079313e+00   3.6822588e-01
   7.7877878e+11   1.3990480e+00   3.6111731e-01
   7.7977978e+11   1.3903115e+00   3.5417871e-01
   7.8078078e+11   1.3817194e+00   3.4740454e-01
   7.8178178e+11   1.3732694e+00   3.4078948e-01
   7.8278278e+11   1.3649592e+00   3.3432839e-01
   7.8378378e+11   1.3567865e+00   3.2801635e-01
   7.8478478e+11   1.3487491e+00   3.2184862e-01
   7.8578579e+11   1.3408449e+00   3.1582063e-01
   7.8678679e+11   1.3330715e+00   3.0992798e-01
   7.8778779e+11   1.3254270e+00   3.0416643e-01
   7.8878879e+11   1.3179092e+00   2.9853192e-01
   7.8978979e+11   1.3105160e+00   2.9302050e-01
   7.9079079e+11   1.3032455e+00   2.8762838e-01
   7.9179179e+11   1.2960956e+00   2.8235193e-01
   7.9279279e+11   1.2890644e+00   2.7718760e-01
   7.9379379e+11   1.2821499e+00   2.7213201e-01
   7.9479479e+11   1.2753504e+00   2.6718188e-01
   7.9579580e+11   1.2686639e+00   2.6233405e-01
   7.9679680e+11   1.2620887e+00   2.5758546e-01
   7.9779780e+11   1.2556229e+00   2.5293318e-01
   7.9879880e+11   1.2492648e+00   2.4837435e-01
   7.9979980e+11   1.2430128e+00   2.4390622e-01
   8.0080080e+11   1.2368651e+00   2.3952615e-01
   8.0180180e+11   1.2308200e+00   2.3523157e-01
   8.0280280e+11   1.2248761e+00   2.3102000e-01
   8.0380380e+11   1.2190317e+00   2.2688904e-01
   8.0480480e+11   1.2132852e+00   2.2283637e-01
   8.0580581e+11   1.2076352e+00   2.1885976e-01
   8.0680681e+11   1.2020802e+00   2.1495703e-01
   8.0780781e+11   1.1966187e+00   2.1112609e-01
   8.0880881e+11   1.1912493e+00   2.0736491e-01
   8.0980981e+11   1.1859706e+00   2.0367152e-01
   8.1081081e+11   1.1807813e+00   2.0004401e-01
   8.1181181e+11   1.1756800e+00   1.9648055e-01
   8.1281281e+11   1.1706655e+00   1.9297934e-01
   8.1381381e+11   1.1657363e+00   1.8953866e-01
   8.1481481e+11   1.1608914e+00   1.8615683e-01
   8.1581582e+11   1.1561295e+00   1.8283222e-01
   8.1681682e+11   1.1514493e+00   1.7956326e-01
   8.1781782e+11   1.1468497e+00   1.7634842e-01
   8.1881882e+11   1.1423296e+00   1.7318621e-01
   8.1981982e+11   1.1378879e+00   1.7007520e-01
   8.2082082e+11   1.1335234e+00   1.6701398e-01
   8.2182182e+11   1.1292351e+00   1.6400121e-01
   8.2282282e+11   1.1250220e+00   1.6103556e-01
   8.2382382e+11   1.1208829e+00   1.5811576e-01
   8.2482482e+11   1.1168170e+00   1.5524056e-01
   8.2582583e+11   1.1128231e+00   1.5240877e-01
   8.2682683e+11   1.1089005e+00   1.4961919e-01
   8.2782783e+11   1.1050481e+00   1.4687070e-01
   8.2882883e+11   1.1012650e+00   1.4416219e-01
   8.2982983e+11   1.0975503e+00   1.4149257e-01
   8.3083083e+11   1.0939032e+00   1.3886080e-01
   8.3183183e+11   1.0903228e+00   1.3626586e-01
   8.3283283e+11   1.0868082e+00   1.3370675e-01
   8.3383383e+11   1.0833587e+00   1.3118251e-01
   8.3483483e+11   1.0799735e+00   1.2869219e-01
   8.3583584e+11   1.0766517e+00   1.2623488e-01
   8.3683684e+11   1.0733926e+00   1.2380968e-01
   8.3783784e+11   1.0701954e+00   1.2141573e-01
   8.3883884e+11   1.0670595e+00   1.1905217e-01
   8.3983984e+11   1.0639841e+00   1.1671817e-01
   8.4084084e+11   1.0609685e+00   1.1441293e-01
   8.4184184e+11   1.0580121e+00   1.1213566e-01
   8.4284284e+11   1.0551142e+00   1.0988560e-01
   8.4384384e+11   1.0522741e+00   1.0766198e-01
   8.4484484e+11   1.0494912e+00   1.0546409e-01
   8.4584585e+11   1.0467649e+00   1.0329120e-01
   8.4684685e+11   1.0440946e+00   1.0114262e-01
   8.4784785e+11   1.0414797e+00   9.9017657e-02
   8.4884885e+11   1.0389196e+00   9.6915652e-02
   8.4984985e+11   1.0364138e+00   9.4835951e-02
   8.5085085e+11   1.0339617e+00   9.2777915e-02
   8.5185185e+11   1.0315629e+00   9.0740921e-02
   8.5285285e+11   1.0292167e+00   8.8724357e-02
   8.5385385e+11   1.0269227e+00   8.6727625e-02
   8.5485485e+11   1.0246804e+00   8.4750141e-02
   8.5585586e+11   1.0224893e+00   8.2791331e-02
   8.5685686e+11   1.0203489e+00   8.0850632e-02
   8.5785786e+11   1.0182588e+00   7.8927494e-02
   8.5885886e+11   1.0162185e+00   7.7021377e-02
   8.5985986e+11   1.0142277e+00   7.5131751e-02
   8.6086086e+11   1.0122858e+00   7.3258097e-02
   8.6186186e+11   1.0103926e+00   7.1399905e-02
   8.6286286e+11   1.0085475e+00   6.9556675e-02
   8.6386386e+11   1.0067502e+00   6.7727913e-02
   8.6486486e+11   1.0050003e+00   6.5913138e-02
   8.6586587e+11   1.0032975e+00   6.4111874e-02
   8.6686687e+11   1.0016414e+00   6.2323655e-02
   8.6786787e+11   1.0000316e+00   6.0548020e-02
   8.6886887e+11   9.9846787e-01   5.8784519e-02
   8.6986987e+11   9.9694984e-01   5.7032706e-02
   8.7087087e+11   9.9547720e-01   5.5292143e-02
   8.7187187e+11   9.9404965e-01   5.3562399e-02
   8.7287287e+11   9.9266688e-01   5.1843049e-02
   8.7387387e+11   9.9132863e-01   5.0133672e-02
   8.7487487e+11   9.9003460e-01   4.8433856e-02
   8.7587588e+11   9.8878454e-01   4.6743191e-02
   8.7687688e+11   9.8757818e-01   4.5061276e-02
   8.7787788e+11   9.8641529e-01   4.3387712e-02
   8.7887888e+11   9.8529562e-01   4.1722106e-02
   8.7987988e+11   9.8421893e-01   4.0064069e-02
   8.8088088e+11   9.8318502e-01   3.8413218e-02
   8.8188188e+11   9.8219367e-01   3.6769170e-02
   8.8288288e+11   9.8124466e-01   3.5131551e-02
   8.8388388e+11   9.8033782e-01   3.3499986e-02
   8.8488488e+11   9.7947295e-01   3.1874108e-02
   8.8588589e+11   9.7864986e-01   3.0253549e-02
   8.8688689e+11   9.7786840e-01   2.8637946e-02
   8.8788789e+11   9.7712839e-01   2.7026940e-02
   8.8888889e+11   9.7642969e-01   2.5420172e-02
   8.8988989e+11   9.7577214e-01   2.3817288e-02
   8.9089089e+11   9.7515561e-01   2.2217934e-02
   8.9189189e+11   9.7457997e-01   2.0621760e-02
   8.9289289e+11   9.7404509e-01   1.9028417e-02
   8.9389389e+11   9.7355085e-01   1.7437557e-02
   8.9489489e+11   9.7309716e-01   1.5848834e-02
   8.9589590e+11   9.7268390e-01   1.4261905e-02
   8.9689690e+11   9.7231099e-01   1.2676426e-02
   8.9789790e+11   9.7197835e-01   1.1092054e-02
   8.9889890e+11   9.7168588e-01   9.5084491e-03
   8.9989990e+11   9.7143354e-01   7.9252695e-03
   9.0090090e+11   9.7122124e-01   6.3421752e-03
   9.0190190e+11   9.7104894e-01   4.7588259e-03
   9.0290290e+11   9.7091659e-01   3.1748820e-03
   9.0390390e+11   9.7082414e-01   1.5900032e-03
   9.0490490e+11   9.7077157e-01   3.8495299e-06
   9.0590591e+11   9.7075885e-01  -1.5839197e-03
   9.0690691e+11   9.7078595e-01  -3.1736458e-03
   9.0790791e+11   9.7085288e-01  -4.7656705e-03
   9.0890891e+11   9.7095961e-01  -6.3603368e-03
   9.0990991e+11   9.7110617e-01  -7.9579886e-03
   9.1091091e+11   9.7129255e-01  -9.5589711e-03
   9.1191191e+11   9.7151877e-01  -1.1163631e-02
   9.1291291e+11   9.7178486e-01  -1.2772317e-02
   9.1391391e+11   9.7209085e-01  -1.4385378e-02
   9.1491491e+11   9.7243677e-01  -1.6003167e-02
   9.1591592e+11   9.7282269e-01  -1.7626038e-02
   9.1691692e+11   9.7324863e-01  -1.9254348e-02
   9.1791792e+11   9.7371468e-01  -2.0888456e-02
   9.1891892e+11   9.7422089e-01  -2.2528723e-02
   9.1991992e+11   9.7476734e-01  -2.4175514e-02
   9.2092092e+11   9.7535411e-01  -2.5829198e-02
   9.2192192e+11   9.7598129e-01  -2.7490144e-02
   9.2292292e+11   9.7664899e-01  -2.9158728e-02
   9.2392392e+11   9.7735729e-01  -3.0835329e-02
   9.2492492e+11   9.7810631e-01  -3.2520327e-02
   9.2592593e+11   9.7889618e-01  -3.4214110e-02
   9.2692693e+11   9.7972701e-01  -3.5917067e-02
   9.2792793e+11   9.8059895e-01  -3.7629595e-02
   9.2892893e+11   9.8151212e-01  -3.9352092e-02
   9.2992993e+11   9.8246669e-01  -4.1084964e-02
   9.3093093e+11   9.8346280e-01  -4.2828621e-02
   9.3193193e+11   9.8450062e-01  -4.4583478e-02
   9.3293293e+11   9.8558031e-01  -4.6349955e-02
   9.3393393e+11   9.8670207e-01  -4.8128480e-02
   9.3493493e+11   9.8786607e-01  -4.9919486e-02
   9.3593594e+11   9.8907251e-01  -5.1723413e-02
   9.3693694e+11   9.9032159e-01  -5.3540705e-02
   9.3793794e+11   9.9161352e-01  -5.5371817e-02
   9.3893894e+11   9.9294852e-01  -5.7217209e-02
   9.3993994e+11   9.9432681e-01  -5.9077347e-02
   9.4094094e+11   9.9574863e-01  -6.0952708e-02
   9.4194194e+11   9.9721422e-01  -6.2843775e-02
   9.4294294e+11   9.9872383e-01  -6.4751040e-02
   9.4394394e+11   1.0002777e+00  -6.6675002e-02
   9.4494494e+11   1.0018761e+00  -6.8616172e-02
   9.4594595e+11   1.0035194e+00  -7.0575067e-02
   9.4694695e+11   1.0052077e+00  -7.2552217e-02
   9.4794795e+11   1.0069415e+00  -7.4548158e-02
   9.4894895e+11   1.0087209e+00  -7.6563441e-02
   9.4994995e+11   1.0105463e+00  -7.8598623e-02
   9.5095095e+11   1.0124181e+00  -8.0654274e-02
   9.5195195e+11   1.0143365e+00  -8.2730977e-02
   9.5295295e+11   1.0163019e+00  -8.4829325e-02
   9.5395395e+11   1.0183146e+00  -8.6949923e-02
   9.5495495e+11   1.0203750e+00  -8.9093389e-02
   9.5595596e+11   1.0224834e+00  -9.1260355e-02
   9.5695696e+11   1.0246403e+00  -9.3451466e-02
   9.5795796e+11   1.0268459e+00  -9.5667379e-02
   9.5895896e+11   1.0291007e+00  -9.7908770e-02
   9.5995996e+11   1.0314051e+00  -1.0017632e-01
   9.6096096e+11   1.0337596e+00  -1.0247075e-01
   9.6196196e+11   1.0361644e+00  -1.0479276e-01
   9.6296296e+11   1.0386201e+00  -1.0714309e-01
   9.6396396e+11   1.0411270e+00  -1.0952250e-01
   9.6496496e+11   1.0436857e+00  -1.1193176e-01
   9.6596597e+11   1.0462966e+00  -1.1437166e-01
   9.6696697e+11   1.0489602e+00  -1.1684300e-01
   9.6796797e+11   1.0516769e+00  -1.1934661e-01
   9.6896897e+11   1.0544472e+00  -1.2188334e-01
   9.6996997e+11   1.0572716e+00  -1.2445405e-01
   9.7097097e+11   1.0601508e+00  -1.2705964e-01
   9.7197197e+11   1.0630850e+00  -1.2970102e-01
   9.7297297e+11   1.0660750e+00  -1.3237913e-01
   9.7397397e+11   1.0691212e+00  -1.3509491e-01
   9.7497497e+11   1.0722242e+00  -1.3784936e-01
   9.7597598e+11   1.0753846e+00  -1.4064349e-01
   9.7697698e+11   1.0786029e+00  -1.4347832e-01
   9.7797798e+11   1.0818798e+00  -1.4635492e-01
   9.7897898e+11   1.0852158e+00  -1.4927438e-01
   9.7997998e+11   1.0886115e+00  -1.5223782e-01
   9.8098098e+11   1.0920675e+00  -1.5524639e-01
   9.8198198e+11   1.0955846e+00  -1.5830127e-01
   9.8298298e+11   1.0991632e+00  -1.6140367e-01
   9.8398398e+11   1.1028042e+00  -1.6455483e-01
   9.8498498e+11   1.1065081e+00  -1.6775604e-01
   9.8598599e+11   1.1102757e+00  -1.7100861e-01
   9.8698699e+11   1.1141075e+00  -1.7431390e-01
   9.8798799e+11   1.1180044e+00  -1.7767329e-01
   9.8898899e+11   1.1219670e+00  -1.8108821e-01
   9.8998999e+11   1.1259961e+00  -1.8456014e-01
   9.9099099e+11   1.1300924e+00  -1.8809058e-01
   9.9199199e+11   1.1342566e+00  -1.9168110e-01
   9.9299299e+11   1.1384895e+00  -1.9533329e-01
   9.9399399e+11   1.1427919e+00  -1.9904881e-01
   9.9499499e+11   1.1471645e+00  -2.0282935e-01
   9.9599600e+11   1.1516081e+00  -2.0667666e-01
   9.9699700e+11   1.1561236e+00  -2.1059254e-01
   9.9799800e+11   1.1607117e+00  -2.1457884e-01
   9.9899900e+11   1.1653733e+00  -2.1863747e-01
   1.0000000e+12   1.1701091e+00  -2.2277040e-01];

