   1.9531250e-13  -1.8734263e-03
   5.8593750e-13  -1.8734226e-03
   9.7656250e-13  -1.8734200e-03
   1.3671875e-12  -1.8734185e-03
   1.7578125e-12  -1.8734180e-03
   2.1484375e-12  -1.8734185e-03
   2.5390625e-12  -1.8734200e-03
   2.9296875e-12  -1.8734223e-03
   3.3203125e-12  -1.8734255e-03
   3.7109375e-12  -1.8734295e-03
   4.1015625e-12  -1.8734341e-03
   4.4921875e-12  -1.8734347e-03
   4.8828125e-12  -1.8732465e-03
   5.2734375e-12  -1.8702183e-03
   5.6640625e-12  -1.8456949e-03
   6.0546875e-12  -1.7231280e-03
   6.4453125e-12  -1.2959465e-03
   6.8359375e-12  -1.6461006e-04
   7.2265625e-12   2.2608155e-03
   7.6171875e-12   6.6755873e-03
   8.0078125e-12   1.3750266e-02
   8.3984375e-12   2.4011967e-02
   8.7890625e-12   3.7773654e-02
   9.1796875e-12   5.5118217e-02
   9.5703125e-12   7.5924061e-02
   9.9609375e-12   9.9912865e-02
   1.0351563e-11   1.2670308e-01
   1.0742188e-11   1.5585867e-01
   1.1132813e-11   1.8692809e-01
   1.1523437e-11   2.1947253e-01
   1.1914063e-11   2.5308421e-01
   1.2304688e-11   2.8739681e-01
   1.2695313e-11   3.2209001e-01
   1.3085938e-11   3.5688997e-01
   1.3476563e-11   3.9156719e-01
   1.3867187e-11   4.2593291e-01
   1.4257813e-11   4.5983475e-01
   1.4648438e-11   4.9315213e-01
   1.5039062e-11   5.2579185e-01
   1.5429687e-11   5.5768395e-01
   1.5820312e-11   5.8877789e-01
   1.6210937e-11   6.1903934e-01
   1.6601563e-11   6.4844723e-01
   1.6992188e-11   6.7699129e-01
   1.7382813e-11   7.0466998e-01
   1.7773438e-11   7.3148870e-01
   1.8164063e-11   7.5745832e-01
   1.8554688e-11   7.8259393e-01
   1.8945313e-11   8.0691388e-01
   1.9335938e-11   8.3043889e-01
   1.9726563e-11   8.5319140e-01
   2.0117187e-11   8.7519501e-01
   2.0507812e-11   8.9647402e-01
   2.0898437e-11   9.1705310e-01
   2.1289062e-11   9.3695695e-01
   2.1679688e-11   9.5621013e-01
   2.2070313e-11   9.7483681e-01
   2.2460938e-11   9.9286066e-01
   2.2851563e-11   1.0103047e+00
   2.3242188e-11   1.0271912e+00
   2.3632813e-11   1.0435417e+00
   2.4023438e-11   1.0593766e+00
   2.4414063e-11   1.0747154e+00
   2.4804688e-11   1.0895766e+00
   2.5195312e-11   1.1039775e+00
   2.5585937e-11   1.1179342e+00
   2.5976562e-11   1.1314615e+00
   2.6367188e-11   1.1445730e+00
   2.6757813e-11   1.1572810e+00
   2.7148438e-11   1.1695963e+00
   2.7539063e-11   1.1815285e+00
   2.7929688e-11   1.1930861e+00
   2.8320313e-11   1.2042759e+00
   2.8710938e-11   1.2151038e+00
   2.9101563e-11   1.2255747e+00
   2.9492187e-11   1.2356920e+00
   2.9882813e-11   1.2454587e+00
   3.0273437e-11   1.2548765e+00
   3.0664063e-11   1.2639468e+00
   3.1054688e-11   1.2726702e+00
   3.1445313e-11   1.2810467e+00
   3.1835938e-11   1.2890763e+00
   3.2226563e-11   1.2967585e+00
   3.2617188e-11   1.3040927e+00
   3.3007812e-11   1.3110784e+00
   3.3398438e-11   1.3177152e+00
   3.3789062e-11   1.3240026e+00
   3.4179688e-11   1.3299407e+00
   3.4570312e-11   1.3355296e+00
   3.4960938e-11   1.3407700e+00
   3.5351562e-11   1.3456627e+00
   3.5742188e-11   1.3502092e+00
   3.6132813e-11   1.3544113e+00
   3.6523438e-11   1.3582713e+00
   3.6914063e-11   1.3617921e+00
   3.7304688e-11   1.3649768e+00
   3.7695313e-11   1.3678293e+00
   3.8085937e-11   1.3703536e+00
   3.8476563e-11   1.3725544e+00
   3.8867187e-11   1.3744367e+00
   3.9257813e-11   1.3760059e+00
   3.9648437e-11   1.3772679e+00
   4.0039063e-11   1.3782287e+00
   4.0429688e-11   1.3788948e+00
   4.0820313e-11   1.3792728e+00
   4.1210938e-11   1.3793697e+00
   4.1601563e-11   1.3791926e+00
   4.1992188e-11   1.3787489e+00
   4.2382813e-11   1.3780461e+00
   4.2773438e-11   1.3770917e+00
   4.3164062e-11   1.3758935e+00
   4.3554688e-11   1.3744592e+00
   4.3945312e-11   1.3727967e+00
   4.4335938e-11   1.3709138e+00
   4.4726562e-11   1.3688184e+00
   4.5117188e-11   1.3665182e+00
   4.5507813e-11   1.3640210e+00
   4.5898438e-11   1.3613347e+00
   4.6289063e-11   1.3584668e+00
   4.6679688e-11   1.3554250e+00
   4.7070313e-11   1.3522167e+00
   4.7460938e-11   1.3488494e+00
   4.7851563e-11   1.3453303e+00
   4.8242187e-11   1.3416666e+00
   4.8632813e-11   1.3378654e+00
   4.9023437e-11   1.3339335e+00
   4.9414063e-11   1.3298779e+00
   4.9804688e-11   1.3257051e+00
   5.0195313e-11   1.3214218e+00
   5.0585938e-11   1.3170342e+00
   5.0976563e-11   1.3125487e+00
   5.1367188e-11   1.3079714e+00
   5.1757813e-11   1.3033082e+00
   5.2148438e-11   1.2985652e+00
   5.2539062e-11   1.2937479e+00
   5.2929688e-11   1.2888621e+00
   5.3320312e-11   1.2839131e+00
   5.3710938e-11   1.2789064e+00
   5.4101562e-11   1.2738472e+00
   5.4492188e-11   1.2687406e+00
   5.4882813e-11   1.2635916e+00
   5.5273438e-11   1.2584052e+00
   5.5664063e-11   1.2531859e+00
   5.6054688e-11   1.2479387e+00
   5.6445313e-11   1.2426679e+00
   5.6835938e-11   1.2373780e+00
   5.7226563e-11   1.2320734e+00
   5.7617187e-11   1.2267582e+00
   5.8007813e-11   1.2214367e+00
   5.8398438e-11   1.2161128e+00
   5.8789062e-11   1.2107905e+00
   5.9179688e-11   1.2054735e+00
   5.9570313e-11   1.2001656e+00
   5.9960938e-11   1.1948704e+00
   6.0351562e-11   1.1895914e+00
   6.0742188e-11   1.1843321e+00
   6.1132813e-11   1.1790957e+00
   6.1523438e-11   1.1738854e+00
   6.1914062e-11   1.1687045e+00
   6.2304688e-11   1.1635558e+00
   6.2695313e-11   1.1584423e+00
   6.3085937e-11   1.1533669e+00
   6.3476562e-11   1.1483322e+00
   6.3867188e-11   1.1433408e+00
   6.4257813e-11   1.1383953e+00
   6.4648437e-11   1.1334982e+00
   6.5039063e-11   1.1286516e+00
   6.5429688e-11   1.1238580e+00
   6.5820313e-11   1.1191193e+00
   6.6210937e-11   1.1144376e+00
   6.6601563e-11   1.1098149e+00
   6.6992188e-11   1.1052529e+00
   6.7382813e-11   1.1007536e+00
   6.7773437e-11   1.0963183e+00
   6.8164063e-11   1.0919489e+00
   6.8554688e-11   1.0876467e+00
   6.8945312e-11   1.0834130e+00
   6.9335938e-11   1.0792492e+00
   6.9726563e-11   1.0751565e+00
   7.0117188e-11   1.0711360e+00
   7.0507812e-11   1.0671887e+00
   7.0898438e-11   1.0633155e+00
   7.1289063e-11   1.0595173e+00
   7.1679688e-11   1.0557949e+00
   7.2070312e-11   1.0521490e+00
   7.2460938e-11   1.0485801e+00
   7.2851563e-11   1.0450888e+00
   7.3242187e-11   1.0416756e+00
   7.3632813e-11   1.0383409e+00
   7.4023438e-11   1.0350850e+00
   7.4414063e-11   1.0319080e+00
   7.4804687e-11   1.0288103e+00
   7.5195313e-11   1.0257919e+00
   7.5585938e-11   1.0228528e+00
   7.5976563e-11   1.0199931e+00
   7.6367187e-11   1.0172127e+00
   7.6757813e-11   1.0145114e+00
   7.7148438e-11   1.0118890e+00
   7.7539062e-11   1.0093453e+00
   7.7929687e-11   1.0068800e+00
   7.8320313e-11   1.0044927e+00
   7.8710938e-11   1.0021831e+00
   7.9101562e-11   9.9995057e-01
   7.9492188e-11   9.9779475e-01
   7.9882813e-11   9.9571504e-01
   8.0273438e-11   9.9371086e-01
   8.0664062e-11   9.9178158e-01
   8.1054688e-11   9.8992653e-01
   8.1445313e-11   9.8814500e-01
   8.1835938e-11   9.8643623e-01
   8.2226562e-11   9.8479946e-01
   8.2617188e-11   9.8323386e-01
   8.3007813e-11   9.8173859e-01
   8.3398437e-11   9.8031277e-01
   8.3789063e-11   9.7895550e-01
   8.4179688e-11   9.7766584e-01
   8.4570313e-11   9.7644283e-01
   8.4960937e-11   9.7528550e-01
   8.5351563e-11   9.7419282e-01
   8.5742188e-11   9.7316379e-01
   8.6132813e-11   9.7219734e-01
   8.6523437e-11   9.7129241e-01
   8.6914063e-11   9.7044792e-01
   8.7304688e-11   9.6966276e-01
   8.7695312e-11   9.6893583e-01
   8.8085938e-11   9.6826598e-01
   8.8476563e-11   9.6765208e-01
   8.8867188e-11   9.6709298e-01
   8.9257812e-11   9.6658752e-01
   8.9648438e-11   9.6613451e-01
   9.0039063e-11   9.6573279e-01
   9.0429688e-11   9.6538116e-01
   9.0820312e-11   9.6507844e-01
   9.1210938e-11   9.6482343e-01
   9.1601563e-11   9.6461493e-01
   9.1992188e-11   9.6445174e-01
   9.2382813e-11   9.6433265e-01
   9.2773438e-11   9.6425646e-01
   9.3164063e-11   9.6422197e-01
   9.3554687e-11   9.6422797e-01
   9.3945313e-11   9.6427328e-01
   9.4335938e-11   9.6435668e-01
   9.4726563e-11   9.6447700e-01
   9.5117187e-11   9.6463303e-01
   9.5507813e-11   9.6482361e-01
   9.5898438e-11   9.6504754e-01
   9.6289063e-11   9.6530368e-01
   9.6679687e-11   9.6559085e-01
   9.7070313e-11   9.6590790e-01
   9.7460938e-11   9.6625369e-01
   9.7851562e-11   9.6662709e-01
   9.8242188e-11   9.6702697e-01
   9.8632813e-11   9.6745222e-01
   9.9023438e-11   9.6790175e-01
   9.9414062e-11   9.6837446e-01
   9.9804688e-11   9.6886928e-01
   1.0019531e-10   9.6938514e-01
   1.0058594e-10   9.6992099e-01
   1.0097656e-10   9.7047581e-01
   1.0136719e-10   9.7104857e-01
   1.0175781e-10   9.7163826e-01
   1.0214844e-10   9.7224390e-01
   1.0253906e-10   9.7286450e-01
   1.0292969e-10   9.7349911e-01
   1.0332031e-10   9.7414679e-01
   1.0371094e-10   9.7480660e-01
   1.0410156e-10   9.7547764e-01
   1.0449219e-10   9.7615902e-01
   1.0488281e-10   9.7684985e-01
   1.0527344e-10   9.7754928e-01
   1.0566406e-10   9.7825647e-01
   1.0605469e-10   9.7897060e-01
   1.0644531e-10   9.7969086e-01
   1.0683594e-10   9.8041645e-01
   1.0722656e-10   9.8114662e-01
   1.0761719e-10   9.8188061e-01
   1.0800781e-10   9.8261769e-01
   1.0839844e-10   9.8335713e-01
   1.0878906e-10   9.8409826e-01
   1.0917969e-10   9.8484038e-01
   1.0957031e-10   9.8558285e-01
   1.0996094e-10   9.8632501e-01
   1.1035156e-10   9.8706624e-01
   1.1074219e-10   9.8780595e-01
   1.1113281e-10   9.8854354e-01
   1.1152344e-10   9.8927845e-01
   1.1191406e-10   9.9001013e-01
   1.1230469e-10   9.9073804e-01
   1.1269531e-10   9.9146168e-01
   1.1308594e-10   9.9218055e-01
   1.1347656e-10   9.9289416e-01
   1.1386719e-10   9.9360207e-01
   1.1425781e-10   9.9430383e-01
   1.1464844e-10   9.9499901e-01
   1.1503906e-10   9.9568721e-01
   1.1542969e-10   9.9636804e-01
   1.1582031e-10   9.9704112e-01
   1.1621094e-10   9.9770609e-01
   1.1660156e-10   9.9836263e-01
   1.1699219e-10   9.9901039e-01
   1.1738281e-10   9.9964908e-01
   1.1777344e-10   1.0002784e+00
   1.1816406e-10   1.0008981e+00
   1.1855469e-10   1.0015079e+00
   1.1894531e-10   1.0021075e+00
   1.1933594e-10   1.0026968e+00
   1.1972656e-10   1.0032754e+00
   1.2011719e-10   1.0038433e+00
   1.2050781e-10   1.0044002e+00
   1.2089844e-10   1.0049459e+00
   1.2128906e-10   1.0054804e+00
   1.2167969e-10   1.0060033e+00
   1.2207031e-10   1.0065147e+00
   1.2246094e-10   1.0070144e+00
   1.2285156e-10   1.0075023e+00
   1.2324219e-10   1.0079783e+00
   1.2363281e-10   1.0084423e+00
   1.2402344e-10   1.0088942e+00
   1.2441406e-10   1.0093340e+00
   1.2480469e-10   1.0097617e+00
   1.2519531e-10   1.0101771e+00
   1.2558594e-10   1.0105804e+00
   1.2597656e-10   1.0109714e+00
   1.2636719e-10   1.0113501e+00
   1.2675781e-10   1.0117167e+00
   1.2714844e-10   1.0120710e+00
   1.2753906e-10   1.0124131e+00
   1.2792969e-10   1.0127431e+00
   1.2832031e-10   1.0130610e+00
   1.2871094e-10   1.0133668e+00
   1.2910156e-10   1.0136606e+00
   1.2949219e-10   1.0139425e+00
   1.2988281e-10   1.0142125e+00
   1.3027344e-10   1.0144707e+00
   1.3066406e-10   1.0147173e+00
   1.3105469e-10   1.0149523e+00
   1.3144531e-10   1.0151758e+00
   1.3183594e-10   1.0153879e+00
   1.3222656e-10   1.0155887e+00
   1.3261719e-10   1.0157785e+00
   1.3300781e-10   1.0159572e+00
   1.3339844e-10   1.0161250e+00
   1.3378906e-10   1.0162821e+00
   1.3417969e-10   1.0164286e+00
   1.3457031e-10   1.0165647e+00
   1.3496094e-10   1.0166904e+00
   1.3535156e-10   1.0168060e+00
   1.3574219e-10   1.0169117e+00
   1.3613281e-10   1.0170075e+00
   1.3652344e-10   1.0170936e+00
   1.3691406e-10   1.0171703e+00
   1.3730469e-10   1.0172377e+00
   1.3769531e-10   1.0172959e+00
   1.3808594e-10   1.0173452e+00
   1.3847656e-10   1.0173857e+00
   1.3886719e-10   1.0174176e+00
   1.3925781e-10   1.0174411e+00
   1.3964844e-10   1.0174563e+00
   1.4003906e-10   1.0174635e+00
   1.4042969e-10   1.0174629e+00
   1.4082031e-10   1.0174546e+00
   1.4121094e-10   1.0174388e+00
   1.4160156e-10   1.0174158e+00
   1.4199219e-10   1.0173857e+00
   1.4238281e-10   1.0173486e+00
   1.4277344e-10   1.0173049e+00
   1.4316406e-10   1.0172546e+00
   1.4355469e-10   1.0171980e+00
   1.4394531e-10   1.0171353e+00
   1.4433594e-10   1.0170667e+00
   1.4472656e-10   1.0169923e+00
   1.4511719e-10   1.0169123e+00
   1.4550781e-10   1.0168270e+00
   1.4589844e-10   1.0167366e+00
   1.4628906e-10   1.0166411e+00
   1.4667969e-10   1.0165408e+00
   1.4707031e-10   1.0164359e+00
   1.4746094e-10   1.0163266e+00
   1.4785156e-10   1.0162130e+00
   1.4824219e-10   1.0160954e+00
   1.4863281e-10   1.0159739e+00
   1.4902344e-10   1.0158486e+00
   1.4941406e-10   1.0157199e+00
   1.4980469e-10   1.0155877e+00
   1.5019531e-10   1.0154524e+00
   1.5058594e-10   1.0153141e+00
   1.5097656e-10   1.0151729e+00
   1.5136719e-10   1.0150290e+00
   1.5175781e-10   1.0148826e+00
   1.5214844e-10   1.0147338e+00
   1.5253906e-10   1.0145829e+00
   1.5292969e-10   1.0144298e+00
   1.5332031e-10   1.0142749e+00
   1.5371094e-10   1.0141182e+00
   1.5410156e-10   1.0139600e+00
   1.5449219e-10   1.0138003e+00
   1.5488281e-10   1.0136392e+00
   1.5527344e-10   1.0134770e+00
   1.5566406e-10   1.0133138e+00
   1.5605469e-10   1.0131497e+00
